12 26 3

1 0 0
0,2173913 0,1956522 0,02173913 0,1086956 0,02173913 0,1086956 0,06521739 0,02173913 0,02173913 0,06521739 0,02173913 0 0,04347826 0,02173913 0,06521739 0 0 0 0,02173913 0,02173913 0,1086956 0,04347826 0,02173913 0,04347826 0,02173913 0 0,02173913 
0 1 0
0,1984849 0,08484849 0,006060606 0,04242424 0,05454545 0,1151515 0,03030303 0,02424242 0,03636364 0,07878788 0,01212121 0,001515151 0,04242424 0,03030303 0,1015152 0,07272727 0,01666667 0,001515151 0,05454545 0,06363636 0,07878788 0,03030303 0,007575758 0,01969697 0 0,01818182 0,001515151 0 0 0,004545454 0 0 
0 1 0
0,2232472 0,0904059 0,02398524 0,01845018 0,0295203 0,1642066 0,0295203 0,03505535 0,06642067 0,0498155 0,01476015 0,003690037 0,06273063 0,03874539 0,08302583 0,05350554 0,01476015 0 0,05904059 0,05904059 0,08671587 0,0202952 0,01845018 0,01845018 0 0,01845018 0,001845018 0 0 0 0 0,003690037 
0 1 0
0,1846154 0,07692308 0,01758242 0,04615385 0,02197802 0,1120879 0,03076923 0,01758242 0,04835165 0,09230769 0,008791209 0,008791209 0,06153846 0,02857143 0,09230769 0,07472528 0,01098901 0,01098901 0,05934066 0,06593407 0,0967033 0,01098901 0,01098901 0,01538462 0,002197802 0,01758242 0 0 0 0 0 0 
0 1 0
0,2079327 0,08173077 0,02283654 0,02043269 0,04086538 0,1237981 0,01081731 0,02283654 0,05649038 0,07932692 0,006009615 0,008413462 0,05528846 0,03004808 0,08052885 0,06610577 0,02764423 0,001201923 0,07211538 0,0829327 0,0889423 0,01682692 0,015625 0,01322115 0,001201923 0,01682692 0,003605769 0 0 0,001201923 0 0,001201923 
0 1 0
0,2106742 0,09550562 0,01685393 0,04353933 0,04213483 0,1151685 0,01404494 0,02808989 0,04073034 0,07724719 0,008426966 0,01264045 0,06039326 0,02247191 0,09129214 0,06179775 0,01825843 0,001404494 0,05898876 0,07724719 0,08286517 0,01825843 0,01123596 0,01825843 0,001404494 0,01966292 0 0,001404494 0 0 0 0 
0 1 0
0,207619 0,08095238 0,01904762 0,01809524 0,02666667 0,1066667 0,0247619 0,02666667 0,05714286 0,07619048 0,007619048 0,01142857 0,04952381 0,03142857 0,08666667 0,07809523 0,01904762 0 0,06666667 0,07619048 0,1009524 0,03333334 0,01238095 0,01809524 0,001904762 0,01333333 0,001904762 0 0 0,0009523809 0 0 
0 1 0
0,1709054 0,07324517 0,01017294 0,04577823 0,03865717 0,1220753 0,02644964 0,02441506 0,03051882 0,07324517 0,01119023 0,004069176 0,051882 0,03153611 0,09155646 0,08646999 0,02136317 0,003051882 0,07527976 0,06307223 0,07934893 0,03255341 0,02034588 0,00508647 0,00508647 0,01424212 0,006103764 0 0 0 0 0 
1 0 0
0,2033228 0,07911392 0,008702531 0,02927215 0,0403481 0,1795886 0,00949367 0,01503165 0,01028481 0,06803797 0,01424051 0,0007911393 0,06329114 0,04193038 0,0767405 0,04193038 0,02927215 0,01107595 0,08306962 0,09651899 0,07990506 0,05775316 0,01186709 0,001582279 0,005537975 0 0,001582279 0 0 0,03560127 0 0 
1 0 0
0,2135008 0,08320251 0,009419153 0,03296703 0,04709576 0,1475667 0,01412873 0,02197802 0,009419153 0,07849293 0,006279435 0 0,07692308 0,01569859 0,08948195 0,05180534 0,03610675 0,009419153 0,08791209 0,09419152 0,05651492 0,05023548 0,01569859 0 0,009419153 0,001569859 0,003139718 0 0 0,04081633 0 0 
1 0 0
0,1946721 0,07650273 0,01502732 0,04439891 0,04030055 0,1495902 0,0102459 0,02254098 0,00409836 0,08948088 0,008879782 0 0,07240437 0,03551913 0,08538251 0,04918033 0,02868852 0,006830601 0,07581967 0,08743169 0,07718579 0,04439891 0,01502732 0,0006830601 0,00273224 0,00409836 0 0 0 0,06284153 0 0 
1 0 0
0,1921824 0,09446254 0,003257329 0,04234528 0,0456026 0,1368078 0,009771987 0,0228013 0,006514658 0,07491857 0,01302932 0,003257329 0,07491857 0,03583062 0,1042345 0,05863192 0,02605863 0,009771987 0,06514658 0,09446254 0,06188925 0,0456026 0,01628665 0,003257329 0,006514658 0,006514658 0 0 0 0,07491857 0 0 
1 0 0
0,201426 0,08244207 0,008467023 0,03787879 0,04188948 0,1430481 0,01470588 0,0245098 0,008467023 0,0815508 0,009358289 0,0004456328 0,07531194 0,03253119 0,0855615 0,04545455 0,03520499 0,02139037 0,06907308 0,1029412 0,07620321 0,06060606 0,01336898 0,0008912656 0,00802139 0,004010695 0,0008912656 0,001336898 0 0,05525847 0 0 
1 0 0
0,2305757 0,09153822 0,004089336 0,04089336 0,04624096 0,1541365 0,01132432 0,0308273 0,01038062 0,07864108 0,01509909 0 0,08398867 0,03491664 0,0802139 0,05284681 0,03019818 0,0132117 0,06763133 0,07549544 0,06196917 0,06228374 0,01572822 0,0006291287 0,003460208 0,004403901 0,00220195 0 0 0,05504876 0 0 
0 0 1
0,2023701 0,1030082 0,05651778 0,03828624 0,04466727 0,07748405 0,003646308 0,01276208 0,01002735 0,08113036 0,02461258 0,0556062 0,04557885 0,02552416 0,07201459 0,07201459 0,03737466 0,005469462 0,06107566 0,06289881 0,04466727 0,0355515 0,001823154 0,04284412 0,004557885 0,06654512 0,06836828 0 0,004557885 0 0 0 
0 0 1
0,1782334 0,09095689 0,0278654 0,03575184 0,03470032 0,09674028 0,002628812 0,01682439 0,009989485 0,07781283 0,03522608 0,02944269 0,04100946 0,03049422 0,0699264 0,08990537 0,04363827 0,001051525 0,06361724 0,05099895 0,04521556 0,03364879 0,001577287 0,04784437 0,0005257623 0,05520505 0,04311251 0,008412197 0,009463723 0 0 0,0005257623 
0 0 1
0,1782334 0,09095689 0,0278654 0,03575184 0,03470032 0,09674028 0,002628812 0,01682439 0,009989485 0,07781283 0,03522608 0,02944269 0,04100946 0,03049422 0,0699264 0,08990537 0,04363827 0,001051525 0,06361724 0,05099895 0,04521556 0,03364879 0,001577287 0,04784437 0,0005257623 0,05520505 0,04311251 0,008412197 0,009463723 0 0 0,0005257623 
0 0 1
0,1929477 0,1006339 0,04278922 0,04437401 0,03605388 0,09865293 0,003961965 0,0229794 0,0110935 0,08795562 0,03090333 0,03169572 0,04120444 0,03605388 0,07329635 0,09191759 0,02812995 0 0,05507132 0,04120444 0,05031696 0,02931854 0,0003961965 0,04595879 0 0,04992076 0,05586371 0,0114897 0,01069731 0 0 0 
0 0 1
0,1702285 0,09285188 0,03905674 0,04642594 0,03610906 0,09285188 0,0007369197 0,01694915 0,01547531 0,07663964 0,02137067 0,03021371 0,03389831 0,02284451 0,07663964 0,1024318 0,0412675 0,002947679 0,05821665 0,05895358 0,0486367 0,02063375 0,001473839 0,06190125 0,0007369197 0,04200442 0,07000737 0,009579956 0,01252763 0 0 0 
0 0 1
0,1823454 0,09729382 0,02448454 0,04059278 0,03608247 0,1108247 0,00128866 0,01481959 0,01159794 0,08247422 0,03994845 0,04252577 0,04768041 0,04768041 0,07603092 0,07925258 0,02835052 0 0,04381443 0,04896907 0,03737113 0,02770619 0 0,06443299 0 0,0496134 0,0496134 0,007731959 0,01224227 0 0 0 